4	1000
0	9071	9140	9628	1964
1	8292	4676	6715	4407
2	5920	6877	9700	3509
3	8622	5815	8089	4240
4	4633	6190	4464	7013
5	8714	6905	4374	3956
6	8627	9930	8087	3299
7	9157	7804	9609	2874
8	8513	9377	2805	3743
9	5484	6010	8341	5507
10	5560	5352	7432	6321
11	7753	6951	8835	3749
12	7360	4585	6834	5680
13	8837	8400	7129	3558
14	7121	9387	9128	2613
15	9269	5545	7856	3214
16	8250	9282	7141	3093
17	9104	8475	9576	2026
18	9703	9525	4899	2931
19	7359	8234	6662	4481
20	7552	6576	6407	5417
21	5175	3134	9236	5006
22	9911	9621	8145	1264
23	5718	5215	4796	6599
24	5627	8621	5492	5447
25	8668	5163	9746	3564
26	4403	4839	8632	5559
27	9868	8535	9028	2263
28	4604	5387	6880	6522
29	9007	6146	6579	5014
30	5523	6748	9541	4357
31	8073	8191	7647	3847
32	7450	8684	6222	4053
33	9304	8568	7894	2285
34	9883	8528	9450	1243
35	9003	9352	4583	3562
36	8222	6301	8568	4005
37	4179	2988	7226	6862
38	6309	9789	4571	3849
39	5268	7182	7831	5101
40	6737	9255	7224	3888
41	5883	8259	7226	4559
42	8241	5007	7694	4409
43	7999	7857	7620	2960
44	7423	7545	8230	3089
45	4376	9446	7783	3637
46	7788	5683	6504	5540
47	5646	5732	6938	6306
48	8762	7360	9173	3465
49	3859	9885	2450	5990
50	6374	7486	9822	3881
51	8305	5050	8235	4326
52	9622	9447	9088	669
53	6967	5285	9368	3792
54	5017	5680	9200	4990
55	8975	6579	5188	4176
56	8036	3794	7143	4828
57	8375	5155	5415	5475
58	4947	6252	6045	6311
59	9037	7331	6479	3881
60	7108	4521	3725	6483
61	7242	7412	6482	5394
62	7492	5577	7950	4414
63	6977	9584	8663	3562
64	7464	6713	9031	3499
65	5492	8193	7588	3971
66	6562	5692	9352	4689
67	8277	5345	6900	4713
68	5104	7598	8667	3768
69	8514	7914	6222	3260
70	6958	6608	7081	4016
71	9193	6204	3978	4611
72	9049	8995	8092	3647
73	4058	8674	4562	5415
74	5857	8834	7852	3537
75	9337	7202	6851	4223
76	3221	7525	8348	4576
77	7038	6617	7205	5010
78	6373	3437	6552	5819
79	6371	5922	8463	4613
80	6566	9387	7597	2399
81	6880	8397	5495	5251
82	7828	7969	7263	3589
83	7871	8503	7564	2258
84	4756	7543	8071	4519
85	8913	3748	4973	5267
86	8142	6320	9390	3368
87	6835	8913	7938	2959
88	9085	6839	8181	2460
89	9684	7594	7874	3029
90	8596	9985	9744	1820
91	7379	7691	8470	3026
92	6341	8039	7377	4569
93	9113	9168	7798	1706
94	6852	7234	6400	3809
95	2808	7779	6421	5667
96	6401	7934	8019	4719
97	5784	3413	5487	6662
98	2195	7760	6618	5632
99	7757	7884	9987	3141
100	7320	7312	8731	4526
101	7079	6949	9194	3634
102	6412	7508	5799	5349
103	6849	9321	9814	2079
104	8300	8196	9270	1298
105	9746	5341	5835	4001
106	8859	7559	8429	4017
107	9363	3971	6999	3965
108	7677	7326	7879	3251
109	7513	7531	5713	4713
110	9423	9662	5767	3000
111	7958	6402	9664	1059
112	9178	5571	9304	2486
113	7452	9817	6927	4097
114	8737	9665	6338	3358
115	4741	7536	4567	6150
116	9656	3593	4549	5737
117	7428	9383	3422	4168
118	6601	7179	6845	4805
119	9387	6962	4331	4102
120	8782	8388	5787	3225
121	8073	8292	6172	3838
122	6890	5516	8904	4901
123	8564	9571	6901	3203
124	9162	6434	8206	3855
125	4166	7228	3641	6947
126	7457	4882	7446	4943
127	9557	7161	7498	2883
128	6461	8241	7784	4292
129	6806	5994	5367	5467
130	7816	7134	8841	4090
131	8369	4975	7861	3961
132	7054	8561	7951	3997
133	6316	5410	7599	5747
134	7838	9180	9818	2291
135	7390	6102	6022	6078
136	5660	8212	8902	3513
137	5554	6099	7514	5886
138	8200	7577	4343	4743
139	8145	8302	2410	4673
140	8690	9608	5383	3569
141	4987	8750	4039	5704
142	6267	9723	8926	3263
143	8614	7551	7454	3890
144	8309	6318	6114	5411
145	7850	4402	9252	4036
146	8241	7504	6356	4239
147	5795	7083	5524	6009
148	1648	7062	2664	7920
149	8690	8726	8124	2261
150	9590	4924	6515	4564
151	8750	8080	7528	3696
152	9680	6815	9143	3117
153	2794	8470	5111	5708
154	9123	9022	8343	1874
155	9004	8682	8888	3360
156	6713	6734	6935	5785
157	8615	5730	8261	4029
158	9298	4342	6725	4594
159	5181	7686	9648	3335
160	8223	9493	3119	3537
161	7031	8946	3594	3988
162	9367	9296	9149	2219
163	7547	8487	8558	2501
164	9263	4915	4955	5262
165	4581	6928	2157	6657
166	7489	4268	8763	4473
167	7596	7703	7242	4754
168	9446	6802	9337	2399
169	8382	7836	7630	4478
170	4400	2998	7998	6166
171	2036	8611	1454	6862
172	3338	9341	5251	5587
173	8657	6457	5897	5249
174	7200	9105	9442	2511
175	7100	9421	6965	4395
176	7264	8043	7730	4324
177	7511	7887	5420	5192
178	7939	6265	4869	5014
179	6778	7597	7164	4680
180	4508	8847	9273	3619
181	6135	5574	6544	6049
182	8057	8692	6239	3411
183	3367	7046	9768	4156
184	5535	6073	6465	5604
185	9835	9775	4947	2937
186	4628	4867	8547	5581
187	6992	6700	6987	4788
188	7656	5719	8950	4100
189	9793	7084	6581	3460
190	9491	4501	9399	3217
191	9570	9612	5007	3143
192	5249	5830	7825	5516
193	3205	8041	5423	6016
194	7807	8411	9799	2544
195	7747	6063	9991	4062
196	4463	5481	8783	5460
197	8192	5859	3359	5832
198	4676	9391	5568	5388
199	9605	8282	9317	1777
200	2987	8581	3552	6160
201	8990	6706	6094	3446
202	5022	5106	5466	7028
203	7702	6092	7629	4144
204	7320	8357	4719	5024
205	8870	8232	9620	2789
206	7941	6005	8425	3068
207	5180	7382	4082	5938
208	4200	5475	8370	5202
209	6831	6787	4919	5259
210	9178	8757	3888	3074
211	6537	3994	6452	6072
212	6291	6592	7399	5396
213	7348	9208	6892	3054
214	8001	9919	8874	1822
215	3706	6627	7591	4331
216	8220	6146	9796	3738
217	1969	8217	5955	5623
218	8970	5888	8598	3840
219	2208	8583	5865	5636
220	5026	5258	8729	5539
221	6625	6420	6163	5895
222	7012	8783	9778	3295
223	8747	6816	8379	3696
224	6383	6700	9298	4087
225	9888	7306	8230	2257
226	9204	8857	7970	3563
227	7114	3783	6408	5848
228	6429	9929	6002	4111
229	4420	7427	4170	6737
230	4070	6982	8625	4624
231	5574	9124	4487	4333
232	8904	9302	9264	2245
233	3936	5602	9574	4817
234	1481	9341	6171	4981
235	5733	4359	5311	6982
236	8120	8716	9423	3386
237	6858	8201	6164	3872
238	8605	1824	7406	4625
239	3640	7583	5259	6322
240	6791	4786	7551	4880
241	2990	8352	6752	5342
242	1484	1942	9337	6815
243	8515	6962	6119	3941
244	6933	8460	7707	3678
245	8516	6722	7922	3435
246	1829	1647	8056	7722
247	7033	4906	6954	5835
248	9273	5730	8386	3411
249	7821	9507	3227	3954
250	5140	4571	2857	6725
251	6293	9021	8629	2510
252	7720	7428	5334	4849
253	6584	3678	4188	6922
254	7919	7005	7685	3958
255	9985	7717	7649	4059
256	9817	6714	7361	2636
257	5502	1962	2097	8492
258	7133	7559	7429	3655
259	2987	8158	1536	7022
260	5949	9246	7265	4573
261	6011	10000	8555	2740
262	5993	4769	7651	4757
263	8806	7880	5663	4345
264	7541	6339	9835	3778
265	8043	7080	5102	4258
266	8813	8221	5834	3649
267	7409	9176	8759	3374
268	4916	7985	9073	4368
269	7575	8990	8069	3688
270	5621	9832	8125	3262
271	9620	9596	8805	617
272	8122	2166	3216	6956
273	8597	7354	7284	4420
274	9462	8647	9790	1589
275	8101	8494	7550	2781
276	5764	8991	8848	3431
277	3001	7478	5700	6112
278	6798	9050	7477	3344
279	7217	5046	4692	6678
280	8013	2715	9491	4086
281	5792	6133	7319	5404
282	7498	4595	6325	5703
283	9137	7906	6601	3375
284	5750	9035	8407	3861
285	9291	5156	3979	5375
286	7732	9941	6754	3764
287	8979	2971	1960	6619
288	5205	6245	7867	5029
289	7399	9135	9580	2405
290	9540	8283	5372	3510
291	9164	7085	6078	4032
292	6252	9052	7403	4378
293	5336	4751	4790	7271
294	5384	6500	6494	6115
295	3806	9832	5960	4423
296	8385	9038	4337	3934
297	7691	9990	8827	2411
298	6136	9358	3450	5059
299	6327	6968	6950	4978
300	6869	8714	6800	2778
301	8136	5317	5333	6054
302	9584	4540	7840	3961
303	5618	5340	8406	5648
304	6220	7717	8079	3414
305	6454	7593	8482	4001
306	9311	8773	4593	3635
307	8472	8519	8434	2410
308	8439	9964	9185	2202
309	9354	9265	9567	1844
310	7108	8958	3245	4875
311	7748	6990	5524	5248
312	3753	5170	6828	6600
313	9044	4780	7790	4089
314	7803	5831	6831	4743
315	5390	4840	5198	6904
316	5250	7780	7154	5175
317	9125	6136	7004	3615
318	9564	7906	9152	3456
319	7895	8887	8553	2973
320	6173	8725	6882	3602
321	6608	9722	8871	2894
322	4167	5515	4933	6206
323	9166	8649	8302	2181
324	4222	6156	7908	4113
325	7169	8926	8015	3801
326	4338	4685	7138	6922
327	9251	1899	6266	4884
328	6731	4934	5152	6695
329	6780	7861	4352	5069
330	9917	6492	8437	1986
331	9516	8946	7320	2918
332	7280	6673	5535	5676
333	3748	5679	9789	4557
334	2939	2015	2365	10000
335	5661	6175	5623	6513
336	9404	8450	9155	1696
337	8343	9798	7661	2976
338	8113	5586	5052	4443
339	2542	5569	7225	6202
340	9191	6108	9012	3527
341	8127	5555	4484	5894
342	7773	4776	5419	5658
343	4055	6753	9967	4372
344	9818	5895	7191	4144
345	6196	9951	7694	3594
346	6025	9833	6190	4408
347	9355	7821	4518	4025
348	5379	6700	5725	6173
349	3394	5916	7367	5466
350	5848	8971	9335	2918
351	9039	5845	9062	3762
352	6679	8105	6515	5083
353	5787	5810	9272	5083
354	5267	5031	7663	6274
355	8213	8896	5822	4017
356	9892	7648	5238	3812
357	8148	8798	6832	2829
358	9000	8575	5172	3807
359	8810	4782	8493	3883
360	6285	8936	8822	3850
361	7723	7138	6388	5239
362	5350	7543	7435	4859
363	1906	2263	5308	8957
364	9954	7152	6964	3760
365	9462	9457	6462	1804
366	7266	9293	7764	4144
367	8472	7006	8865	3575
368	8411	9815	7070	2452
369	3387	4761	5215	7457
370	9460	7241	5176	4158
371	6327	3413	6663	5907
372	7438	6592	4223	5680
373	9156	5397	6668	4015
374	8859	5523	9513	3419
375	6046	9174	5803	3963
376	8503	9097	7159	3924
377	8423	9439	8089	3903
378	5738	9096	5980	5031
379	7451	7020	7635	4363
380	7793	4655	5039	5789
381	3688	6754	6924	5541
382	4711	8234	9260	3707
383	5726	6875	2897	6500
384	8957	8063	4904	4158
385	9908	7441	9231	2829
386	6824	7864	4244	4810
387	6683	7138	8658	4072
388	6073	6466	8848	4908
389	8722	8022	8873	3684
390	6632	4729	9266	4792
391	4937	8466	9236	4013
392	6867	4075	7353	5713
393	7275	5562	6285	5949
394	9652	5303	9794	2182
395	5908	4613	8999	5150
396	9173	2681	3819	6062
397	9613	7863	7668	2712
398	9033	7135	8996	3196
399	9749	8226	7966	2924
400	3535	3856	2048	8940
401	3895	5140	8459	5621
402	9289	9289	9798	1325
403	8887	9101	7749	3790
404	7552	8534	6592	4245
405	9041	7131	9286	2043
406	4337	6242	5053	6736
407	8501	8271	7282	4214
408	6125	8866	7216	4760
409	9356	7237	9727	2468
410	1116	6821	5650	6509
411	7443	8730	9731	3623
412	6887	5820	7187	5618
413	9451	5650	7244	4363
414	4475	7141	3510	7028
415	5272	4946	5284	6053
416	9519	8971	7201	2797
417	9204	5708	9800	1395
418	8541	6311	7660	4532
419	3927	4700	7705	6027
420	6079	6230	8660	5182
421	6927	5813	7050	5190
422	9218	7517	6762	2493
423	5317	8107	4775	5051
424	6314	7410	6061	5142
425	8889	6029	9674	1958
426	5743	8140	6474	4949
427	7112	7084	8127	4255
428	5288	7716	8087	4049
429	7225	7911	7567	3514
430	9056	6558	8528	3141
431	9748	1902	9614	3150
432	8165	6597	9635	3272
433	6946	7576	7460	4958
434	8605	5588	9797	2247
435	4549	6794	9578	4528
436	6668	8010	8347	4038
437	8605	9307	7576	2992
438	8742	7553	5130	4609
439	8617	9573	8308	2423
440	6181	7136	4732	5918
441	9818	6409	9000	3388
442	8007	5022	6894	5201
443	5175	4436	5051	6915
444	9981	5741	9984	2741
445	4965	9888	8979	3401
446	9223	6572	9911	2781
447	4895	4876	6509	6648
448	6105	4981	8229	5522
449	7386	8887	6556	3751
450	6397	6950	9237	4129
451	8453	8190	3478	4481
452	4842	4142	3367	7961
453	7512	9581	6874	3968
454	8745	8435	8324	2740
455	9543	8049	3756	2661
456	9135	7018	3781	4556
457	4464	9927	5317	4687
458	7322	6883	5293	5333
459	8899	7875	7536	2630
460	9800	9986	7956	2272
461	7636	6950	6822	4252
462	2609	6063	6437	6499
463	7937	6131	6671	5381
464	7457	6657	9222	2474
465	8236	7639	6640	4630
466	4839	6764	6366	5788
467	7381	5602	5775	6107
468	9558	6775	9413	2934
469	5834	7855	5208	5601
470	9842	6869	6293	4399
471	2678	7924	6500	5216
472	8333	7616	8796	2921
473	9142	7202	8959	2420
474	6208	4061	9132	5146
475	7493	5294	5819	6160
476	6065	8559	5067	4972
477	8594	4965	3267	5976
478	6619	6142	9443	3817
479	6238	5640	7069	4912
480	2990	5177	8586	5767
481	4560	4428	8056	6070
482	9065	6338	5680	4827
483	6690	4263	8387	4880
484	9562	8933	6637	2572
485	9059	6493	8233	3772
486	9809	5564	6047	4134
487	5853	1576	4843	7430
488	8189	4525	9570	4015
489	4874	8633	6705	5051
490	6029	2990	4779	7246
491	7928	8398	9689	2577
492	5192	4701	6410	6570
493	9701	7727	8660	3645
494	9968	5346	9669	2523
495	8301	9580	6754	2888
496	6005	5998	4461	5911
497	5973	9419	8709	1984
498	5861	7926	4060	5955
499	6378	9390	8367	4063
500	5652	6840	7356	5109
501	3761	9261	4321	6068
502	9037	8906	8501	3584
503	8269	8038	7811	3357
504	7074	3822	8428	4816
505	3818	7189	8530	5007
506	8266	4831	6091	4567
507	6314	7607	8886	3636
508	4058	9297	9297	3212
509	7045	9913	6605	4379
510	3947	6437	8309	5028
511	6276	5775	5534	6751
512	9840	8573	4907	3579
513	9779	4646	3986	5264
514	6976	8700	8861	3563
515	9613	7042	7489	4295
516	7075	8349	6877	4377
517	6281	8014	6094	4979
518	9666	6997	8460	2515
519	9814	8699	5113	3631
520	8007	5608	4038	5530
521	7596	5985	4040	6079
522	6086	5335	7451	5575
523	8784	9969	8508	1664
524	6348	3142	9871	4785
525	8574	4370	6762	4677
526	9925	7783	8260	2617
527	6486	7844	7624	4397
528	8334	8614	7402	2782
529	8268	8179	8469	3518
530	5563	6602	9032	4485
531	7854	7863	9458	2370
532	3281	4149	9042	6097
533	7900	7457	8885	3948
534	6810	9483	9192	2242
535	6170	7660	7016	4282
536	7218	7656	7790	3352
537	7542	4341	8120	4921
538	9831	7369	6570	3165
539	9564	6777	8508	3319
540	8897	6437	8203	4239
541	4472	9939	8547	3683
542	10000	6435	6130	4599
543	7305	7791	8791	4510
544	9198	8800	6708	3261
545	7145	3183	8871	4343
546	6335	3133	8811	5255
547	9590	4150	7547	4294
548	6701	8916	9033	3976
549	5098	4477	7336	6189
550	7428	7257	9275	2215
551	3146	3514	7046	7362
552	8456	8538	8379	3299
553	6983	8467	3973	4289
554	9375	9335	9081	861
555	3602	8883	9807	3608
556	9356	8462	9442	2718
557	9515	7748	5702	2999
558	4378	4859	7169	6782
559	6554	9088	9571	2889
560	8739	9842	9748	562
561	9579	8419	8825	3689
562	6585	7835	5709	5563
563	5328	9294	6569	4811
564	8787	8278	8349	3632
565	6514	8594	5771	4977
566	9559	3921	7057	4005
567	5381	8215	9014	4116
568	4996	6681	667	6950
569	9109	7951	6293	3763
570	8944	8443	8103	1943
571	9178	6783	3189	3971
572	9246	8510	7319	2050
573	5607	5676	5812	7070
574	7585	4639	9203	4361
575	9997	5789	4001	4429
576	7334	6124	4862	6042
577	3279	2726	5720	8208
578	7936	7633	8133	3936
579	8733	9325	8509	3854
580	3798	6804	5364	5723
581	6113	9050	6494	4636
582	6579	9922	9665	1977
583	2618	6397	5080	6951
584	9472	7145	9060	2008
585	6221	8297	8146	3677
586	7381	7089	5748	4392
587	4725	8008	5280	5639
588	5194	5585	5273	7365
589	9639	7269	5612	3374
590	7984	4179	5767	5537
591	7091	9155	8601	2631
592	4900	9201	6476	4581
593	6448	6626	7268	4793
594	7451	3772	6434	5609
595	6335	8357	4196	4984
596	6312	8700	8090	3709
597	7905	5460	7598	3635
598	7559	8591	6174	4094
599	8372	4576	5427	5813
600	5062	7472	8669	3809
601	4822	8731	6292	4436
602	6805	7985	3245	4700
603	8298	9963	6048	2829
604	3207	9597	4455	5155
605	5014	2388	5638	6678
606	6851	9900	9949	2632
607	6328	6499	8937	4891
608	7382	8819	5018	4640
609	620	7849	8977	4203
610	9149	9884	6733	2271
611	6671	8757	2432	4724
612	7437	5826	6822	4330
613	5391	8017	8280	4425
614	5507	6991	8774	4733
615	7041	9359	5794	4330
616	6363	8825	9369	2207
617	9162	6438	4132	5008
618	7862	7852	9755	3320
619	4872	7788	9452	4195
620	8704	8470	8400	1913
621	5254	9872	6752	4216
622	8544	5198	9788	3320
623	6921	9944	8055	2939
624	8154	6907	4293	4900
625	8440	6463	4388	5322
626	9355	8643	9948	1412
627	9837	8559	9541	1292
628	5874	9376	5659	5196
629	5494	7221	8479	5004
630	4938	6328	7594	5284
631	4842	9132	6007	5285
632	3050	3196	5405	8192
633	8244	6939	9652	2697
634	8451	3997	4830	5399
635	7833	9320	9742	2277
636	8678	5584	7484	4577
637	8663	6350	7349	4429
638	7929	9038	6532	4134
639	8917	8479	8977	3335
640	9078	6580	5383	3925
641	3994	7682	4090	6714
642	7275	8455	8149	2924
643	3935	8520	7026	4977
644	4179	9857	5573	4735
645	8352	9368	9938	0
646	5589	5919	7715	5282
647	9587	9072	7284	3516
648	8178	7280	6952	3936
649	8082	5106	4323	4862
650	9497	6582	9316	2203
651	5806	3456	7713	5869
652	7982	6886	8582	1670
653	5140	4989	9723	4605
654	7753	3615	8204	4800
655	4933	9258	8933	2806
656	8805	7783	8287	3025
657	6947	5133	9472	4571
658	5926	9062	3796	5000
659	5644	6802	6646	4796
660	8423	3899	9771	3820
661	6321	8667	4217	5316
662	3961	9992	9826	2164
663	9052	6678	8607	3406
664	6941	6786	7289	5558
665	6212	7394	9535	2447
666	4877	9059	6156	5204
667	3750	4722	6318	7144
668	5725	5777	4934	5851
669	7734	8729	9669	1800
670	5196	6540	8831	4476
671	9384	9713	6442	2831
672	9999	5475	8106	2762
673	4900	9483	4610	5356
674	8409	3781	4155	6406
675	9180	3573	2425	6382
676	6083	6936	5028	6121
677	3803	7125	5044	5861
678	9366	7201	7969	3529
679	9216	9752	7185	3083
680	4600	9077	9959	3136
681	8449	6132	4594	5120
682	6198	6718	7773	3696
683	8481	6998	2025	4932
684	9125	7338	6357	3774
685	7944	8496	9288	3498
686	7457	6286	9483	2996
687	5990	7957	6495	4761
688	9919	7474	6475	3420
689	7211	9542	6748	3668
690	9369	9528	7007	2422
691	9757	4932	8247	3273
692	5578	7445	6437	5475
693	9933	8661	7742	1685
694	4420	6558	8173	5011
695	7153	6728	5732	5272
696	6235	6195	7211	5779
697	9946	5260	4272	5077
698	7303	6801	7809	4480
699	8348	4336	6954	4832
700	8200	2722	6296	5254
701	7092	5855	4888	6358
702	7986	8313	8580	3826
703	7124	7490	6935	5531
704	5534	6619	6801	5310
705	7487	2448	8052	4935
706	4997	9969	5627	4033
707	6109	6401	9837	4240
708	7217	7802	6219	4202
709	9783	4717	6550	4003
710	3744	8190	7037	4804
711	8687	8214	8726	3317
712	8648	7581	8207	3671
713	8995	9241	9675	1461
714	4181	8390	5104	5914
715	4564	9861	6535	3989
716	5634	4724	9296	5162
717	7191	6947	8526	4291
718	8777	8229	4910	2851
719	9312	9812	9080	1679
720	5111	9070	6737	4769
721	9330	4652	7235	4037
722	6164	7211	5833	4750
723	8005	8500	6503	4666
724	8701	6299	4611	4993
725	4820	6071	9107	5061
726	7348	7276	5801	3739
727	8526	9129	9501	2770
728	6326	8003	9180	2864
729	4929	9261	9100	3347
730	6300	8888	4775	5021
731	7489	6340	7302	5349
732	5570	7316	4940	5728
733	5031	4615	3988	7891
734	6285	5070	5841	5723
735	9819	5899	6911	3429
736	6998	7878	9388	3954
737	9029	8794	3437	3804
738	9787	7544	4063	4264
739	4654	6273	7872	5334
740	4055	7712	8792	4623
741	7340	9045	5815	3697
742	7717	7196	9150	3432
743	8859	7684	7198	3341
744	7932	6512	8480	3574
745	6512	7926	6000	5617
746	8141	8834	9451	2170
747	8928	6359	7367	4517
748	4298	9812	4637	5256
749	7839	6028	6456	5367
750	7822	9234	7725	2447
751	3420	7663	9277	4437
752	8786	6759	7295	4613
753	8878	8243	8616	3170
754	8181	8386	7257	3766
755	7095	7397	5572	4596
756	4512	3141	6398	7340
757	8209	5139	8662	3733
758	6183	5944	5289	6294
759	8288	6304	8051	3874
760	7906	8606	5643	3824
761	9506	6240	8636	3497
762	7859	7298	7209	3123
763	9395	8403	9855	1950
764	7557	6101	8578	3809
765	7584	4904	5916	5697
766	2322	6302	2036	7640
767	6832	7508	7015	4816
768	4876	6558	5652	5340
769	9565	5760	8910	2763
770	5510	5771	7414	4707
771	6144	6684	7760	5439
772	7218	7313	4255	5243
773	5692	5778	5365	5687
774	7128	9889	6437	4117
775	8120	5949	9950	3757
776	9175	9500	4807	3291
777	3795	5242	6490	6589
778	6807	9352	7682	2941
779	9644	4191	5897	4770
780	9833	8888	8197	2959
781	4594	4675	8273	5353
782	9170	7827	4153	3775
783	7329	8922	7703	4125
784	7509	8860	3856	4559
785	3835	7682	8395	4610
786	6943	9723	9912	2159
787	7404	9786	8113	2062
788	6403	9345	6294	3674
789	8392	5284	9265	3061
790	6497	8209	8596	4257
791	4596	2900	3462	8402
792	5903	9504	7962	3970
793	5975	9648	4345	4672
794	5440	7094	4541	6119
795	7488	7772	5718	5228
796	6247	6639	7778	4501
797	9065	5701	4305	4514
798	2568	9399	9057	3064
799	8792	5972	5632	4021
800	9759	5191	6673	3973
801	9854	8712	9945	1719
802	4195	4872	9804	5140
803	6546	8535	6968	3972
804	5250	8350	8148	3978
805	8904	7100	5350	4638
806	9482	7623	8600	2928
807	5823	8168	8440	4338
808	2915	5502	1597	8570
809	3874	4200	6989	7076
810	6832	6209	7001	5533
811	4561	4043	9947	5484
812	9598	5713	9294	3192
813	5551	5031	9817	4897
814	9332	8006	5126	4037
815	5055	7019	7208	5514
816	7828	8006	4125	4563
817	5730	8841	7042	4513
818	7803	8837	6071	4037
819	6167	6143	7998	4817
820	5657	7320	9483	3687
821	7124	4781	9482	3078
822	8056	8821	6111	3061
823	6817	5775	7353	5732
824	4808	5864	8402	5509
825	7700	7454	10000	1602
826	5030	7764	8087	4312
827	5425	4142	9615	4999
828	8847	7752	9065	3319
829	7330	8376	9355	3047
830	6913	7628	6531	5467
831	7533	9977	8193	2918
832	8170	3481	9164	4193
833	9962	7024	6561	3440
834	9239	7571	8073	3053
835	6817	4983	9433	4708
836	4887	6059	3888	6921
837	6401	8551	4865	4428
838	8925	8583	7412	2068
839	7825	4389	6483	5543
840	8955	6927	7956	2479
841	8297	5619	7363	4199
842	7089	7767	5816	5174
843	9866	7693	7155	3185
844	9679	9505	7594	3108
845	9861	8602	8743	3566
846	8283	6256	9644	2096
847	5706	9524	9422	2405
848	9251	7442	4413	4180
849	4407	6357	6246	6497
850	7579	4727	5394	6282
851	8887	5244	6288	4179
852	9931	4905	6918	3988
853	7897	8844	8517	3506
854	4037	4589	3307	8126
855	6100	7773	4734	5006
856	5173	4858	6593	6120
857	9063	4527	6128	5208
858	8690	3605	9154	3994
859	3580	3840	8714	6552
860	4476	7205	7434	5108
861	8208	5035	5336	5871
862	7184	7204	9745	3574
863	9878	8860	5102	3094
864	6422	7331	6283	5294
865	6898	8683	8945	3394
866	6064	4512	8235	5508
867	8561	5333	7564	3796
868	3261	3802	4404	8529
869	3817	6567	4384	7314
870	9407	7676	7258	2761
871	2589	6245	4183	7436
872	7406	7716	6475	3857
873	7985	9604	8255	3016
874	5345	9464	6385	4730
875	9104	5007	4138	5673
876	6473	8567	8486	3677
877	8575	5243	5080	5356
878	9231	4882	7950	4201
879	6211	8406	4825	4247
880	7855	8085	6291	4247
881	9051	8799	9198	2161
882	7926	6209	7139	5047
883	3830	2032	8362	6742
884	7108	4418	7242	4609
885	3525	8165	4372	5743
886	8474	5660	9646	3538
887	8787	6726	7983	3531
888	8621	8626	4897	3851
889	8473	8226	6165	3327
890	7714	5767	5336	5898
891	2685	4277	5176	7994
892	4934	9868	7880	3712
893	6614	6107	4633	6331
894	6687	9463	8952	3299
895	7086	6545	8065	4310
896	4656	7012	6954	5364
897	8506	9053	4630	3725
898	6552	2938	8667	5213
899	6123	6832	9517	3933
900	6289	7925	8290	3678
901	4180	5679	8782	5124
902	6279	5944	8182	4987
903	5796	3593	6422	6221
904	7928	8460	7766	3614
905	8323	9656	8233	2380
906	8484	9833	9302	1570
907	7104	7548	6682	4261
908	5325	7550	6720	4526
909	9853	7379	6570	3606
910	9028	7769	9123	2456
911	7000	5785	7678	4410
912	5568	7714	9372	3968
913	5536	5166	6534	6337
914	9747	8662	2820	3728
915	9837	8649	7140	2524
916	2749	9850	9635	3121
917	7295	7877	8048	4366
918	6378	8535	6627	5189
919	3199	4652	7576	6348
920	7601	9142	9356	2578
921	7347	8531	9585	1902
922	9467	4299	7590	4038
923	2511	9532	3219	6150
924	9692	8160	5495	3659
925	6068	9683	6967	3116
926	7983	8572	9250	3428
927	7129	4297	5770	6065
928	6768	9971	6843	3203
929	8717	6536	9110	2797
930	8055	9113	8604	3147
931	7235	8800	9408	1895
932	6299	7901	6202	4722
933	8445	7214	6777	3809
934	6060	5969	7310	4920
935	6184	6070	8759	4951
936	4529	6770	4017	7075
937	7207	6371	8368	4553
938	6641	6889	8259	4274
939	2857	9499	8847	3711
940	6937	6807	7648	2599
941	8863	8733	7371	3263
942	8418	9639	8545	2345
943	8151	5998	9897	3599
944	8938	3036	5108	5752
945	9944	9410	4301	2084
946	5576	8060	8815	4381
947	8196	5083	9623	3087
948	7592	8904	9178	2494
949	9778	6257	7898	3969
950	8616	7462	6655	3876
951	6117	4856	9430	5117
952	9467	7883	8693	2533
953	6772	4701	9580	4312
954	6978	9958	6002	3265
955	6111	5847	8370	5245
956	9804	7236	5255	4037
957	5800	5560	9115	5403
958	8510	7891	9630	2200
959	5854	7276	6469	5562
960	5073	8990	4109	5651
961	2345	4319	9407	5233
962	8794	4851	5667	5141
963	9735	7795	7552	3797
964	7181	5494	7679	4651
965	8307	5361	7950	4398
966	8109	5884	7831	4863
967	9734	9397	9931	955
968	8828	4472	4122	6105
969	7544	8544	5573	4573
970	9515	6501	5400	4708
971	5334	5470	5459	6820
972	6547	7035	6177	6031
973	9385	5202	5391	4580
974	9299	5110	7799	3749
975	7347	7374	6626	5021
976	9257	9270	9001	2645
977	8462	9290	5243	3543
978	8889	8656	6973	2771
979	8271	6474	6991	4349
980	8047	8691	5352	3813
981	9448	5277	6183	3340
982	2865	3202	6902	6421
983	4331	6140	3348	7480
984	8038	9539	6470	3108
985	6048	8009	9700	3961
986	9195	9719	7852	1746
987	9237	6724	2737	4372
988	5601	7501	9109	3660
989	8323	2364	4725	6052
990	7113	7658	8200	4408
991	6054	8652	8427	3810
992	8502	3335	4574	6245
993	7571	5184	9528	3297
994	9093	6605	6579	4878
995	8559	7704	7790	3954
996	7506	7652	9746	2336
997	8371	7161	4792	5052
998	9316	9941	7464	2788
999	7686	9295	8940	3751
